124843.403 - -2488.90 3012.14 -3122.28 48.89 -17.74 -10.55
124843.449 - -2473.17 3026.18 -3120.54 55.63 -14.23 32.20
124843.496 - -2481.74 3000.11 -3132.19 56.97 -8.93 19.76
124843.543 - -2481.38 3026.96 -3143.28 59.50 -5.37 7.84
124843.591 - -2473.32 3035.37 -3147.42 53.72 -11.39 3.89
124843.637 - -2483.33 3027.52 -3136.83 52.94 -12.99 -0.50
124843.685 - -2475.91 3026.36 -3136.24 55.05 -10.68 -5.22
124843.732 - -2460.81 3024.61 -3147.95 55.67 -7.39 -9.80
124843.780 - -2460.85 3030.57 -3157.83 55.11 -6.04 -19.50
124843.826 - -2465.50 3032.55 -3166.89 49.84 -6.04 -16.24
124843.872 - -2460.78 3028.65 -3157.89 45.46 -6.24 -23.33
124843.919 - -2456.83 3029.36 -3149.30 43.68 -5.98 -25.36
124843.967 - -2465.69 3026.76 -3155.54 40.60 -7.45 -28.23
124844.013 - -2461.13 3028.91 -3152.90 39.00 -10.09 -24.61
124844.060 - -2459.43 3022.00 -3159.65 37.11 -14.48 -28.05
124844.106 - -2463.96 3028.30 -3151.74 39.61 -15.01 -23.84
124844.155 - -2466.70 3023.83 -3142.97 40.53 -15.22 -24.71
124844.202 - -2467.60 3027.85 -3149.07 41.89 -16.01 -28.13
124844.248 - -2472.72 3028.30 -3147.80 42.12 -14.54 -24.54
124844.296 - -2464.17 3037.48 -3144.06 42.94 -17.79 -21.69
124844.341 - -2470.86 3022.26 -3148.88 44.84 -14.05 -18.82
124844.388 - -2471.52 3025.99 -3168.64 46.34 -11.31 -32.30
124844.435 - -2458.18 3015.91 -3166.62 45.43 -13.34 -21.31
124844.482 - -2461.08 3002.91 -3174.05 48.28 -9.28 -26.92
124844.530 - -2452.66 3004.82 -3180.13 51.37 -6.28 -23.79
124844.577 - -2454.41 3011.58 -3171.91 53.18 -1.39 -26.35
124844.623 - -2464.20 3021.11 -3167.52 55.25 0.37 -33.63
124844.718 - -2473.61 3026.13 -3148.93 51.62 -1.39 -29.09
124844.766 - -2510.02 3047.52 -3140.34 43.72 -10.76 -43.77
124844.814 - -2522.82 3105.37 -3121.57 11.02 -42.73 -43.82
124844.859 - -2590.48 3130.50 -3083.02 -31.19 -83.74 -36.50
124844.907 - -2615.58 3192.13 -3044.59 -84.49 -145.11 -44.38
124844.954 - -2680.14 3253.21 -2993.23 -149.49 -211.24 -57.32
124845.001 - -2672.13 3294.12 -2930.18 -231.92 -295.40 -69.43
124845.049 - -2811.33 3354.15 -2845.93 -335.67 -400.31 -54.01
124845.096 - -2940.41 3415.65 -2759.43 -437.80 -515.54 -117.85
124845.143 - -3027.27 3481.24 -2608.77 -568.46 -645.42 -81.55
124845.190 - -3127.38 3509.96 -2448.38 -685.13 -772.17 -98.03
124845.238 - -3167.62 3510.18 -2225.70 -809.84 -905.48 -54.76
124845.285 - -3103.86 3497.96 -1966.62 -919.91 -1027.60 3.99
124845.333 - -3146.10 3417.54 -1700.00 -1000.99 -1115.68 -0.63
124845.428 - -3221.89 3456.91 -1375.34 -1085.41 -1191.55 -64.97
124845.474 - -3015.90 3482.76 -1014.70 -1202.09 -1341.38 28.48
124845.521 - -2815.58 3212.96 -714.04 -1287.54 -1442.73 237.12
124845.568 - -2610.08 3014.52 -407.85 -1260.97 -1432.08 133.14
124845.615 - -2332.23 2891.14 -48.57 -1214.56 -1412.32 209.13
124845.663 - -2136.46 2588.50 299.52 -1158.16 -1332.66 198.60
124845.709 - -1780.42 2446.01 626.17 -1050.61 -1213.45 170.55
124845.802 - -1578.73 2190.86 900.60 -913.35 -1042.42 192.90
124845.849 - -1393.99 2006.30 1080.87 -736.88 -826.45 187.46
124845.896 - -1288.57 2008.13 1323.02 -548.53 -610.06 156.29
124845.942 - -1212.22 2058.92 1545.62 -378.74 -418.94 83.78
124845.989 - -1272.65 2135.80 1785.10 -246.08 -291.07 51.69
124846.036 - -1300.03 2176.58 1957.70 -165.84 -213.35 -11.87
124846.084 - -1237.23 2156.30 2016.56 -114.00 -158.05 33.88
124846.130 - -1244.95 2025.83 1993.55 -23.28 -65.22 -2.00
124846.175 - -1229.21 2068.49 1991.76 84.93 42.98 -63.11
124846.223 - -1272.22 2084.98 2006.30 167.89 148.40 -56.37
124846.269 - -1274.90 2100.73 1967.81 268.29 248.28 -52.30
124846.317 - -1366.90 2170.09 1917.66 360.42 349.23 -91.30
124846.362 - -1451.76 2256.80 1860.82 448.53 435.49 -34.75
124846.408 - -1616.45 2334.96 1792.82 506.80 506.58 -129.93
124846.455 - -1752.02 2498.56 1693.11 558.50 550.14 -47.83
124846.503 - -1777.63 2510.20 1543.56 602.50 590.01 -78.74
124846.550 - -1970.70 2596.47 1369.15 654.26 646.08 -47.71
124846.598 - -1835.52 2638.37 1169.40 726.66 687.22 -98.59
124846.644 - -2214.46 2727.96 965.41 784.06 792.38 -86.71
124846.691 - -2177.62 2859.85 781.99 857.55 846.90 -213.61
124846.738 - -2467.29 2977.27 553.73 886.62 873.17 -93.15
124846.786 - -2444.97 3072.56 318.79 922.19 873.56 -109.29
124846.831 - -2606.88 3107.93 87.42 910.60 877.85 -61.98
124846.924 - -2556.51 3181.44 -160.47 967.60 873.89 -75.63
124846.971 - -2688.28 3253.38 -453.32 971.46 882.94 -51.98
124847.019 - -2748.49 3302.44 -692.44 997.40 883.59 -58.28
124847.066 - -2791.86 3314.95 -948.97 1000.05 870.86 -57.38
124847.113 - -2809.74 3406.52 -1186.07 986.39 860.81 -44.28
124847.159 - -2885.39 3402.84 -1463.46 942.42 818.43 -104.70
124847.207 - -2855.70 3494.22 -1662.87 878.49 762.90 -14.47
124847.254 - -2864.37 3435.38 -1867.64 823.37 694.67 -23.40
124847.302 - -2791.85 3401.91 -2050.21 764.70 636.99 6.93
124847.350 - -2757.44 3328.85 -2279.48 719.19 605.28 -20.78
124847.398 - -2778.98 3287.30 -2475.31 664.13 579.60 -38.89
124847.445 - -2705.27 3343.73 -2626.03 612.65 523.83 -64.11
124847.491 - -2793.83 3241.30 -2730.60 518.02 469.05 -21.04
124847.539 - -2600.04 3271.06 -2808.60 487.77 403.52 -79.20
124847.587 - -2650.43 3173.61 -2954.63 414.11 364.56 19.12
124847.634 - -2556.47 3131.06 -3078.61 374.40 326.64 -51.46
124847.681 - -2572.12 3097.45 -3186.63 313.83 274.85 -33.31
124847.729 - -2499.02 3074.67 -3226.19 260.32 224.69 -51.51
124847.776 - -2482.63 3023.50 -3272.56 213.00 182.34 -51.19
124847.824 - -2456.25 3036.84 -3321.79 174.57 141.53 -37.08
124847.917 - -2424.70 2999.91 -3357.75 140.64 105.29 -25.52
124847.964 - -2394.73 2950.58 -3387.41 116.15 79.19 -17.64
124848.011 - -2401.72 2950.04 -3411.26 100.37 61.09 -16.66
124848.057 - -2379.31 2947.93 -3423.39 80.97 36.08 -19.46
124848.102 - -2381.97 2935.14 -3422.05 62.29 13.18 -16.22
124848.150 - -2375.89 2946.24 -3428.55 50.68 -8.70 -21.21
124848.199 - -2403.21 2953.12 -3420.03 24.28 -32.49 -25.37
124848.245 - -2428.16 3003.91 -3386.85 -4.13 -65.36 -39.36
124848.292 - -2446.60 3018.21 -3340.89 -42.95 -103.92 -37.81
124848.338 - -2515.99 3076.55 -3298.07 -102.81 -143.21 -52.55
124848.386 - -2549.38 3169.46 -3260.68 -187.90 -225.91 -92.55
124848.434 - -2684.75 3253.78 -3214.75 -303.00 -321.48 -79.83
124848.482 - -2757.04 3291.84 -3134.59 -421.02 -433.10 -78.61
124848.531 - -2910.96 3410.10 -3044.58 -533.79 -566.64 -91.92
124848.579 - -2976.07 3461.32 -2908.59 -674.74 -710.98 -37.76
124848.672 - -2983.41 3518.79 -2715.06 -816.76 -849.80 -20.17
124848.719 - -2945.10 3530.18 -2475.23 -932.52 -968.49 36.15
124848.767 - -2963.14 3479.53 -2177.82 -1017.67 -1062.47 42.00
124848.814 - -2946.52 3428.60 -1841.23 -1088.72 -1133.35 51.45
124848.861 - -2903.99 3360.64 -1511.06 -1133.51 -1182.21 19.01
124848.906 - -2809.91 3298.98 -1146.07 -1145.58 -1229.83 23.42
124848.953 - -2734.12 3171.51 -786.53 -1134.54 -1246.88 38.87
124849.049 - -2626.37 3099.59 -425.43 -1099.78 -1258.45 -8.56
124849.095 - -2500.71 3057.25 -123.15 -1080.71 -1271.80 69.26
124849.143 - -2324.58 2917.13 187.68 -1046.96 -1264.70 103.64
124849.190 - -2071.62 2782.91 470.20 -995.52 -1222.13 165.04
124849.236 - -1879.76 2625.85 765.21 -921.49 -1133.70 146.97
124849.283 - -1759.90 2572.54 1074.07 -848.94 -1065.09 131.23
124849.332 - -1465.50 2457.77 1305.90 -802.54 -1014.04 238.91
124849.378 - -1162.16 2109.01 1410.50 -712.97 -876.06 375.22
124849.426 - -1133.77 1826.98 1581.33 -505.49 -635.18 200.24
124849.473 - -1093.50 2008.63 1836.83 -358.18 -444.88 29.67
124849.520 - -1105.16 2113.50 2018.94 -295.14 -377.08 105.34
124849.568 - -989.83 2154.34 2118.49 -210.69 -324.35 68.94
124849.616 - -967.61 2108.70 2210.58 -170.23 -262.75 135.52
124849.664 - -954.88 2003.34 2254.14 -102.56 -202.11 95.51
124849.711 - -941.68 2017.55 2298.84 -49.94 -146.65 56.34
124849.805 - -929.14 2029.41 2335.83 -11.73 -88.76 13.85
124849.853 - -890.05 2049.48 2331.67 34.83 -36.94 -5.23
124849.899 - -948.21 2062.82 2365.55 80.44 15.34 -43.61
124849.947 - -904.70 2108.43 2367.32 105.75 52.86 -66.58
124849.994 - -891.32 2059.62 2323.99 144.45 97.62 -45.25
124850.040 - -813.76 1976.33 2220.05 230.45 173.30 -92.66
124850.086 - -886.47 2012.17 2174.47 342.92 281.38 -156.36
124850.134 - -874.61 2050.77 2115.57 419.37 383.36 -157.12
124850.182 - -1057.82 2161.49 2062.74 512.12 475.69 -169.91
124850.228 - -1124.84 2250.43 1963.67 581.18 555.76 -164.47
124850.275 - -1354.62 2393.98 1840.47 653.38 633.30 -192.93
124850.322 - -1523.33 2526.28 1703.87 715.25 683.85 -220.66
124850.369 - -1681.39 2694.64 1565.51 764.13 722.73 -175.16
124850.416 - -1866.53 2728.74 1375.35 792.87 754.71 -199.28
124850.462 - -1971.84 2850.59 1215.26 827.97 782.70 -115.43
124850.508 - -2048.31 2843.33 960.26 875.86 805.86 -162.59
124850.555 - -2130.78 2968.42 760.08 926.29 837.18 -96.11
124850.602 - -2202.01 3037.63 463.33 994.27 836.93 -83.27
124850.648 - -2323.60 3080.76 216.30 1035.79 848.92 -100.23
124850.694 - -2457.87 3253.22 -73.77 1090.43 860.69 -91.78
124850.740 - -2536.86 3260.52 -311.12 1082.36 860.76 -105.90
124850.788 - -2666.04 3416.02 -578.00 1077.67 866.69 -65.81
124850.835 - -2653.64 3462.01 -878.93 1061.78 851.63 -122.97
124850.881 - -2773.00 3554.83 -1121.08 999.66 826.72 -12.30
124850.974 - -2729.32 3559.27 -1399.94 940.93 813.34 -63.06
124851.022 - -2813.67 3527.30 -1605.12 872.49 764.55 -19.37
124851.070 - -2790.85 3566.71 -1822.24 813.80 710.25 -80.40
124851.117 - -2717.59 3536.32 -1981.79 750.63 640.90 3.26
124851.164 - -2626.54 3448.48 -2166.84 715.43 600.39 26.10
124851.211 - -2557.12 3359.13 -2380.03 704.00 560.41 -9.20
124851.257 - -2501.87 3350.70 -2573.64 715.34 516.43 28.01
124851.305 - -2545.79 3342.99 -2750.33 677.68 497.23 -6.64
124851.354 - -2479.89 3309.39 -2885.08 625.66 474.92 -15.12
124851.401 - -2496.71 3292.51 -2992.16 560.85 439.45 -15.72
124851.447 - -2450.57 3276.65 -3094.40 487.38 391.06 -25.86
124851.494 - -2457.38 3210.37 -3173.06 414.22 339.17 -10.98
124851.540 - -2395.35 3186.56 -3270.07 347.60 277.61 -46.05
124851.587 - -2359.79 3169.01 -3340.20 282.59 217.42 -10.97
124851.633 - -2310.06 3144.86 -3396.64 222.82 165.88 -14.55
124851.682 - -2266.58 3095.75 -3445.65 176.03 122.02 14.97
124851.728 - -2210.81 3050.23 -3494.44 137.59 92.82 3.00
124851.775 - -2177.67 3026.45 -3548.53 112.90 60.94 -2.25
124851.823 - -2161.99 3003.47 -3564.38 94.86 42.26 8.93
124851.871 - -2160.31 2967.88 -3576.90 78.72 29.82 -1.97
124851.918 - -2161.30 2952.58 -3574.61 69.33 16.84 -21.72
124852.012 - -2167.32 2977.86 -3586.24 54.77 7.00 -34.17
124852.059 - -2207.16 2993.01 -3577.37 44.32 -9.80 -50.93
124852.108 - -2235.89 3050.55 -3579.18 6.24 -41.34 -74.68
124852.156 - -2280.02 3105.03 -3540.72 -46.31 -82.64 -82.72
124852.203 - -2329.57 3153.75 -3507.39 -118.06 -141.31 -92.23
124852.250 - -2415.13 3247.04 -3454.38 -212.76 -226.50 -119.69
124852.298 - -2496.79 3337.12 -3361.27 -338.81 -332.45 -109.68
124852.345 - -2597.43 3394.43 -3239.42 -475.14 -455.62 -127.39
124852.393 - -2630.31 3447.89 -3064.40 -610.14 -578.34 -125.20
124852.440 - -2754.35 3457.99 -2901.99 -736.74 -689.15 -120.54
124852.488 - -2811.19 3536.32 -2733.15 -839.91 -811.97 -103.00
124852.536 - -2939.04 3573.85 -2542.44 -945.56 -931.89 -15.22
124852.584 - -2885.69 3596.14 -2307.36 -1031.12 -1051.19 22.84
124852.676 - -2869.17 3613.96 -1996.27 -1116.77 -1141.03 248.20
124852.721 - -2766.02 3546.14 -1640.05 -1188.01 -1177.98 363.45
124852.767 - -2651.99 3429.35 -1297.53 -1215.52 -1177.78 334.16
124852.813 - -2488.19 3407.02 -938.74 -1198.82 -1176.35 239.00
124852.861 - -2321.62 3326.37 -557.23 -1183.95 -1160.95 253.70
124852.907 - -2188.77 3207.22 -193.46 -1152.04 -1122.53 184.25
124853.004 - -1974.62 3133.68 150.62 -1107.30 -1090.71 161.10
124853.052 - -1839.67 2999.97 476.20 -1060.62 -1047.51 144.07
124853.097 - -1640.03 2939.50 780.66 -1003.79 -1003.72 182.48
124853.145 - -1456.48 2706.30 1008.79 -942.72 -935.74 200.44
124853.192 - -1247.43 2534.66 1213.58 -837.99 -828.70 170.32
124853.239 - -1103.28 2362.95 1403.30 -706.95 -700.66 173.19
124853.287 - -1020.90 2285.68 1632.56 -583.48 -564.86 136.19
124853.334 - -936.92 2269.58 1778.81 -458.01 -424.82 100.24
124853.381 - -932.74 2179.16 1911.15 -324.66 -327.84 39.29
124853.428 - -968.49 2218.40 2062.74 -214.48 -259.20 -10.54
124853.474 - -917.57 2279.21 2164.64 -170.28 -216.95 -2.03
124853.520 - -879.23 2286.52 2202.94 -137.46 -178.53 10.16
124853.568 - -858.18 2276.54 2261.96 -104.81 -140.41 -26.83
124853.614 - -840.08 2272.86 2313.21 -90.99 -119.53 7.15
124853.662 - -824.74 2231.31 2339.00 -63.06 -97.37 -17.03
124853.710 - -790.98 2246.15 2351.39 -44.78 -71.67 -11.98
124853.803 - -776.29 2182.91 2329.89 -11.02 -42.97 -9.05
124853.851 - -770.35 2147.23 2330.33 47.58 -10.85 -14.92
124853.899 - -736.04 2098.46 2294.14 115.29 42.04 -19.34
124853.947 - -763.96 2091.01 2272.27 203.43 109.02 -58.96
124853.995 - -780.56 2129.65 2238.61 294.48 182.73 -87.32
124854.042 - -863.60 2182.01 2176.96 381.95 263.00 -115.81
124854.089 - -951.26 2260.76 2092.54 480.03 334.40 -143.99
124854.135 - -1106.60 2320.66 1979.24 593.63 387.66 -197.54
124854.182 - -1170.74 2499.86 1909.47 684.85 429.94 -204.36
124854.230 - -1245.76 2585.99 1812.14 728.35 491.90 -207.43
124854.275 - -1335.69 2648.15 1708.37 738.57 553.66 -177.10
124854.324 - -1379.02 2768.66 1530.21 802.29 609.17 -215.09
124854.374 - -1581.87 2767.89 1350.20 802.02 691.46 -281.22
124854.420 - -1760.19 3050.57 1159.69 862.28 719.92 -427.55
124854.468 - -1883.63 3042.05 993.01 845.00 751.02 -363.38
124854.516 - -1966.45 3143.05 757.60 875.24 795.95 -292.32
124854.564 - -2082.48 3133.38 489.72 905.22 833.34 -311.36
124854.612 - -2215.31 3285.97 252.48 937.94 881.15 -226.66
124854.658 - -2339.15 3285.14 -27.34 984.78 891.41 -180.95
124854.706 - -2536.31 3409.43 -265.62 1014.23 911.48 -25.14
124854.752 - -2583.49 3527.57 -589.52 1041.69 906.13 0.30
124854.800 - -2659.41 3540.26 -822.51 994.92 877.12 61.77
124854.845 - -2621.73 3634.07 -1055.50 970.58 816.20 -29.32
124854.892 - -2587.35 3629.65 -1284.72 925.52 764.50 -5.53
124854.940 - -2626.76 3580.79 -1507.59 903.57 707.06 -95.51
124854.988 - -2642.35 3596.80 -1770.80 900.09 623.05 -247.44
124855.035 - -2555.75 3596.84 -1964.67 850.93 574.11 -206.19
124855.128 - -2558.12 3454.91 -2152.06 789.42 585.43 -169.82
124855.175 - -2544.86 3377.44 -2354.70 763.08 589.54 -121.14
124855.221 - -2578.28 3365.59 -2571.06 732.19 581.44 -95.07
124855.269 - -2605.94 3353.29 -2783.36 669.99 546.07 -48.64
124855.316 - -2571.09 3339.37 -2915.16 597.96 484.74 -6.30
124855.364 - -2510.80 3262.22 -3015.93 517.96 429.35 0.48
124855.410 - -2445.54 3204.42 -3109.18 457.28 379.93 5.63
124855.457 - -2412.24 3165.90 -3225.07 404.30 344.24 -14.45
124855.503 - -2397.70 3129.80 -3298.76 355.73 303.66 -20.66
124855.551 - -2348.20 3149.38 -3358.03 308.74 251.23 -38.16
124855.598 - -2336.82 3097.01 -3419.56 250.00 198.89 -3.47
124855.646 - -2307.04 3063.62 -3468.37 208.63 149.15 -15.56
124855.693 - -2278.68 3025.48 -3504.83 159.78 112.58 -11.87
124855.741 - -2260.27 3014.04 -3542.67 126.85 74.86 -17.78
124855.789 - -2253.28 2972.87 -3571.51 90.97 44.65 -5.43
124855.836 - -2221.51 2963.87 -3592.40 71.66 17.01 -18.15
124855.885 - -2221.41 2948.98 -3603.24 43.38 -3.37 -12.03
124855.931 - -2218.80 2953.61 -3588.49 27.55 -30.17 -23.57
124855.978 - -2232.70 2971.96 -3572.21 2.66 -49.03 -24.50
124856.025 - -2238.85 2969.45 -3529.96 -29.61 -80.95 -45.19
124856.072 - -2252.96 2973.55 -3523.67 -61.82 -91.46 -43.05
124856.120 - -2324.36 3002.00 -3534.87 -99.03 -110.89 -108.98
124856.214 - -2388.55 3144.38 -3495.84 -162.23 -169.29 -115.49
124856.261 - -2497.21 3241.95 -3418.38 -258.58 -253.23 -116.44
124856.308 - -2562.27 3365.02 -3286.21 -379.20 -359.65 -89.47
124856.355 - -2669.52 3424.24 -3184.95 -525.95 -480.90 -71.31
124856.403 - -2786.80 3530.87 -3041.74 -698.37 -579.83 -42.05
124856.452 - -2761.43 3540.13 -2897.31 -842.35 -688.22 -21.46
124856.498 - -2802.50 3567.62 -2700.06 -951.06 -808.09 -9.61
124856.546 - -2799.46 3599.41 -2446.37 -1039.25 -918.74 12.99
124856.591 - -2817.84 3603.10 -2158.59 -1122.36 -1015.18 61.08
124856.639 - -2802.75 3581.45 -1840.95 -1183.18 -1096.84 86.06
124856.732 - -2734.14 3539.57 -1504.75 -1215.06 -1162.18 99.48
124856.780 - -2636.67 3497.45 -1145.07 -1233.53 -1217.58 97.91
124856.828 - -2524.39 3441.49 -784.91 -1249.17 -1258.41 136.99
124856.874 - -2354.42 3318.54 -451.87 -1250.39 -1277.01 171.64
124856.922 - -2235.05 3159.46 -131.22 -1218.60 -1263.78 207.84
124856.968 - -2051.71 3010.68 155.05 -1149.59 -1228.55 225.72
124857.016 - -1813.63 2905.54 501.33 -1046.78 -1172.99 218.64
124857.063 - -1587.54 2713.06 775.73 -966.40 -1065.05 238.25
124857.158 - -1408.92 2554.71 1081.13 -878.74 -941.14 209.42
124857.203 - -1166.60 2419.32 1347.38 -786.61 -846.82 223.83
124857.252 - -997.42 2211.56 1544.49 -672.87 -712.88 302.40
124857.299 - -864.41 2124.72 1680.89 -509.31 -551.42 179.47
124857.346 - -814.97 2202.27 1858.57 -385.34 -415.46 179.79
124857.395 - -818.97 2242.11 2022.04 -294.13 -320.65 171.22
124857.441 - -762.06 2200.93 2120.52 -233.41 -255.41 161.52
124857.487 - -731.60 2190.86 2219.32 -165.71 -200.94 107.65
124857.533 - -703.96 2201.60 2280.37 -124.19 -160.00 80.63
124857.578 - -725.18 2188.24 2341.82 -88.24 -137.11 78.40
124857.623 - -683.98 2223.26 2345.64 -26.45 -114.20 8.60
124857.669 - -693.44 2230.14 2388.13 -15.85 -86.44 15.82
124857.717 - -708.89 2218.98 2417.72 -2.02 -58.62 -7.03
124857.764 - -705.55 2235.15 2423.45 10.16 -41.27 -10.60
124857.810 - -683.80 2275.65 2460.52 3.83 -33.87 -20.97
124857.856 - -665.79 2268.79 2461.88 10.79 -29.90 31.52
124857.902 - -638.11 2204.16 2455.82 30.58 -21.73 25.53
124857.950 - -553.88 2151.83 2396.64 74.56 10.76 51.67
124857.997 - -535.21 1996.47 2300.74 158.86 90.40 30.95
124858.045 - -597.96 2036.06 2251.03 280.69 211.28 -95.25
124858.091 - -817.42 2231.77 2295.12 345.64 295.01 -219.10
124858.139 - -893.14 2467.65 2346.55 347.61 310.97 -214.88
124858.186 - -923.14 2467.09 2316.61 341.18 291.02 -115.57
124858.233 - -871.45 2416.88 2225.76 365.29 294.59 -85.00
124858.279 - -898.24 2409.56 2101.49 433.06 338.57 -56.23
124858.325 - -958.46 2382.14 1960.90 504.87 418.25 -93.98
124858.371 - -1095.49 2523.65 1806.78 593.94 503.66 -93.15
124858.418 - -1127.94 2606.25 1681.04 693.49 549.52 -130.92
124858.467 - -1225.60 2694.61 1579.39 763.95 624.80 -64.99
124858.513 - -1374.78 2770.71 1391.78 877.99 681.96 -149.41
124858.559 - -1523.51 2861.91 1211.85 914.74 757.57 -179.36
124858.606 - -1575.27 3105.32 927.75 999.01 780.76 -258.87
124858.654 - -1837.30 3110.50 766.32 1010.97 819.45 -268.35
124858.749 - -1925.01 3430.65 556.25 1020.64 825.24 -239.09
124858.796 - -2146.98 3422.74 367.20 1025.76 806.08 -156.96
124858.843 - -2157.69 3556.99 132.80 1002.08 796.40 -150.25
124858.891 - -2309.38 3602.14 -137.85 988.41 761.88 -125.62
124858.938 - -2306.78 3561.37 -398.91 974.67 756.23 -134.10
124858.985 - -2372.14 3615.89 -685.37 973.27 749.04 -106.99
124859.033 - -2418.94 3567.61 -949.05 996.11 749.45 -109.09
124859.081 - -2510.30 3588.28 -1209.86 990.20 746.00 -131.75
124859.126 - -2469.71 3645.13 -1443.20 994.57 724.37 -148.40
124859.173 - -2543.27 3634.60 -1677.73 963.16 698.04 -94.34
124859.220 - -2503.52 3681.09 -1898.08 956.83 632.30 -91.33
124859.268 - -2426.34 3665.75 -2096.93 953.29 553.49 -33.09
124859.315 - -2439.08 3613.72 -2274.81 914.38 532.18 -5.14
124859.363 - -2423.31 3459.64 -2507.95 869.57 532.14 24.92
124859.412 - -2516.91 3359.75 -2734.55 827.03 506.91 2.47
124859.457 - -2491.31 3339.86 -2902.44 754.36 460.94 -18.84
124859.505 - -2407.87 3323.93 -3085.89 675.75 413.07 -14.68
124859.598 - -2313.19 3260.94 -3193.43 598.73 374.84 -6.55
124859.646 - -2199.12 3222.52 -3288.47 550.28 337.91 -14.00
124859.692 - -2153.52 3215.90 -3415.84 485.75 319.03 -5.18
124859.740 - -2145.43 3140.11 -3486.01 428.05 304.11 -4.93
124859.788 - -2119.72 3078.98 -3581.14 377.43 280.99 -25.74
124859.835 - -2138.26 3023.33 -3667.63 324.42 243.40 -35.87
124859.882 - -2095.79 2994.70 -3718.74 264.90 195.44 -56.69
124859.929 - -2064.54 2974.82 -3742.31 216.41 154.19 -53.39
124859.976 - -1998.70 2949.23 -3799.37 171.81 119.92 -51.00
124900.023 - -1973.98 2919.58 -3838.77 136.57 94.10 -35.88
124900.070 - -1943.12 2899.71 -3878.93 108.94 68.46 -38.22
124900.118 - -1940.36 2871.42 -3894.69 86.06 46.95 -24.94
124900.166 - -1929.16 2854.96 -3900.01 66.73 30.37 -37.34
124900.213 - -1929.54 2841.95 -3927.10 54.82 16.64 -27.19
124900.259 - -1920.40 2850.15 -3923.93 40.57 4.54 -44.16
124900.307 - -1922.63 2845.29 -3923.31 29.32 -11.33 -32.37
124900.354 - -1925.85 2843.76 -3916.95 19.18 -21.13 -35.86
124900.401 - -1956.12 2857.25 -3912.13 9.90 -29.08 -32.74
124900.448 - -2011.33 2903.40 -3891.31 -24.52 -50.69 -76.47
124900.495 - -2053.05 2988.99 -3845.47 -76.70 -101.58 -80.78
124900.542 - -2142.50 3111.21 -3799.17 -170.21 -172.86 -99.10
124900.636 - -2236.47 3232.55 -3718.91 -298.69 -278.10 -101.60
124900.684 - -2355.44 3354.44 -3612.88 -455.83 -403.24 -100.00
124900.731 - -2446.07 3488.75 -3502.87 -631.22 -553.97 -94.33
124900.779 - -2536.57 3573.85 -3354.42 -803.58 -702.86 -40.71
124900.826 - -2643.55 3634.36 -3178.36 -966.63 -851.57 -50.43
124900.872 - -2694.25 3741.18 -2966.18 -1130.09 -1003.28 8.67
124900.920 - -2742.71 3741.98 -2708.26 -1263.84 -1139.30 43.81
124900.968 - -2674.52 3730.85 -2379.98 -1364.88 -1246.55 136.88
124901.063 - -2619.60 3650.88 -2022.77 -1432.95 -1305.23 135.22
124901.111 - -2497.68 3605.75 -1620.67 -1473.28 -1333.95 154.50
124901.158 - -2403.66 3477.07 -1222.79 -1499.47 -1333.75 228.94
124901.206 - -2172.31 3419.73 -798.21 -1423.77 -1293.07 218.87
124901.253 - -2058.01 3160.44 -426.68 -1358.93 -1201.70 262.58
124901.301 - -1920.67 3039.80 -43.08 -1228.53 -1113.77 245.45
124901.348 - -1814.06 2910.28 353.84 -1130.98 -1035.28 220.57
124901.396 - -1584.51 2856.67 714.44 -1047.41 -970.96 227.17
124901.444 - -1332.83 2690.84 993.02 -959.54 -879.20 212.65
124901.491 - -1148.69 2480.03 1242.08 -875.64 -750.64 218.81
124901.538 - -973.83 2340.59 1443.87 -732.07 -614.42 207.51
124901.585 - -921.99 2177.08 1612.74 -554.40 -492.96 137.89
124901.679 - -901.84 2271.36 1746.14 -396.39 -360.87 87.31
124901.725 - -953.74 2260.57 1907.60 -289.84 -264.51 72.12
124901.773 - -938.46 2293.00 2040.41 -210.28 -217.15 33.67
124901.820 - -871.38 2313.58 2133.35 -157.94 -172.81 26.18
124901.868 - -863.53 2300.44 2217.28 -112.17 -144.08 2.41
124901.916 - -849.56 2333.11 2286.94 -82.94 -125.79 -19.10
124901.962 - -827.18 2290.45 2301.23 -63.64 -101.48 8.01
124902.009 - -785.56 2244.37 2291.10 -24.65 -62.53 -7.53
124902.057 - -823.03 2269.91 2304.52 19.17 -26.30 -42.70
124902.105 - -853.90 2322.85 2349.14 41.18 -6.91 -54.73
124902.152 - -870.30 2368.03 2389.22 46.18 -1.68 -44.08
124902.200 - -861.42 2354.58 2401.15 41.10 -2.17 -44.06
124902.248 - -869.73 2322.75 2405.32 48.64 -1.29 -22.21
124902.295 - -865.17 2278.70 2388.45 64.05 3.18 -39.17
124902.343 - -812.63 2282.34 2358.32 89.87 24.77 -31.16
124902.390 - -785.62 2206.88 2296.52 133.79 68.71 -22.72
124902.439 - -772.89 2194.51 2242.44 218.25 133.03 -67.93
124902.484 - -802.31 2182.22 2188.80 296.32 209.46 -61.44
124902.531 - -862.10 2214.10 2105.47 398.10 295.47 -104.40
124902.578 - -978.21 2312.99 2096.55 482.08 370.55 -146.31
124902.626 - -1010.50 2439.20 1972.54 571.31 422.51 -115.17
124902.672 - -1148.37 2439.58 1821.64 660.08 491.08 -129.41
124902.719 - -1225.78 2575.54 1634.82 780.18 570.44 -139.62
124902.767 - -1383.96 2650.81 1455.31 863.51 658.34 -214.88
124902.815 - -1556.38 2834.39 1272.96 930.61 749.41 -207.13
124902.861 - -1733.96 2990.55 1064.44 998.73 787.33 -336.67
124902.908 - -1837.92 3165.57 887.74 1007.82 812.46 -240.35
124902.955 - -1956.16 3158.31 595.05 1066.65 827.06 -240.07
124903.002 - -2133.79 3292.65 389.87 1078.91 862.75 -216.74
124903.049 - -2193.05 3414.52 124.04 1105.39 869.31 -260.90
124903.094 - -2354.32 3485.60 -136.79 1067.72 878.07 -197.71
124903.139 - -2369.79 3595.73 -414.03 1059.80 848.02 -180.55
124903.187 - -2525.03 3581.29 -673.80 1013.22 828.28 -108.19
124903.282 - -2506.75 3672.16 -952.09 985.87 785.38 -137.97
124903.329 - -2593.11 3651.13 -1163.54 933.40 731.96 -44.95
124903.375 - -2552.56 3661.81 -1388.13 908.12 662.25 -74.78
124903.423 - -2488.18 3651.14 -1618.26 888.14 583.66 16.94
124903.470 - -2499.27 3526.16 -1835.98 861.65 555.59 55.81
124903.518 - -2416.90 3483.92 -2075.38 857.94 555.25 38.00
124903.564 - -2384.16 3400.77 -2315.54 857.75 560.24 1.46
124903.611 - -2382.87 3412.37 -2550.21 848.77 571.74 -22.16
124903.657 - -2425.52 3372.81 -2772.13 805.77 574.11 -75.89
124903.704 - -2376.48 3412.33 -2918.69 741.35 552.24 -105.94
124903.751 - -2362.73 3372.36 -3021.86 662.52 521.32 -105.95
124903.799 - -2318.27 3380.69 -3143.06 592.27 470.01 -114.78
124903.846 - -2292.17 3335.18 -3246.37 507.59 411.00 -76.61
124903.894 - -2282.48 3248.41 -3350.45 424.72 346.95 -99.79
124903.942 - -2215.81 3239.51 -3425.33 348.55 282.70 -75.26
124903.987 - -2187.92 3140.91 -3512.83 283.55 227.32 -59.25
124904.081 - -2148.66 3126.44 -3565.36 233.24 173.50 -66.34
124904.128 - -2126.48 3075.74 -3619.26 183.84 129.92 -45.48
124904.174 - -2099.50 3041.98 -3643.77 146.91 93.61 -47.69
124904.222 - -2073.56 3019.10 -3671.33 119.21 65.97 -30.11
124904.270 - -2063.15 2968.05 -3692.68 94.60 44.77 -24.42
124904.317 - -2037.92 2957.12 -3719.21 86.91 25.71 -24.75
124904.364 - -2034.16 2934.20 -3744.58 73.91 12.12 -8.84
124904.411 - -2012.07 2919.46 -3769.65 68.26 -2.19 -12.45
124904.457 - -2008.70 2912.01 -3779.81 59.80 -9.71 -3.53
124904.505 - -2006.24 2898.36 -3779.64 52.71 -15.86 -11.82
124904.552 - -1997.58 2900.59 -3778.66 50.04 -19.04 -10.18
124904.600 - -1986.54 2898.16 -3774.32 47.72 -19.03 -7.62
124904.646 - -2003.44 2885.32 -3774.89 42.95 -23.43 -12.95
124904.695 - -2002.71 2891.13 -3779.74 38.97 -28.59 -21.57
124904.743 - -1996.05 2884.38 -3777.90 31.63 -29.10 -28.17
124904.791 - -1996.67 2894.80 -3776.45 28.34 -21.31 -34.86
124904.837 - -1992.12 2905.97 -3772.58 24.07 -20.82 -30.06
124904.885 - -1984.33 2924.04 -3760.07 24.48 -16.66 -22.06
124904.932 - -1986.78 2902.82 -3756.90 26.06 -13.79 -15.54
124904.979 - -1990.39 2905.80 -3755.24 29.40 -12.16 -21.73
124905.026 - -2000.39 2905.63 -3753.30 32.47 -10.86 -18.42
124905.073 - -2009.76 2925.03 -3749.67 36.99 -16.56 -29.05
124905.119 - -2018.21 2932.58 -3733.15 33.00 -22.53 -13.29
124905.167 - -2014.60 2932.04 -3723.04 27.54 -24.52 -20.37
124905.214 - -2008.80 2938.33 -3718.62 26.38 -30.50 -3.49
124905.307 - -2014.93 2921.25 -3734.45 27.14 -33.13 -4.44
124905.355 - -1993.53 2936.95 -3725.54 27.11 -37.93 4.90
124905.401 - -1992.16 2916.80 -3730.25 26.67 -38.15 7.86
124905.401 - -1984.14 2928.39 -3714.03 28.63 -34.55 -6.18
124905.450 - -1989.78 2926.84 -3723.05 30.81 -28.98 -0.68
124905.494 - -1992.98 2933.38 -3744.04 37.15 -27.51 -18.81
124905.540 - -1995.92 2941.28 -3741.30 37.54 -23.62 -11.29
124905.634 - -1991.32 2944.37 -3744.18 42.25 -21.81 -14.17
